iteracao: 0
array_solucao: [-6.48567058e+01 -2.15477426e+00 -2.08656545e+01  8.60325011e+01
  6.51133999e+01 -2.70395858e+01 -9.10502860e+01  6.93431728e+00
  8.60153660e+01  4.90222076e+01 -5.78752237e+01  9.59644751e+01
 -7.70198917e+01  9.99276548e+00  8.59180091e+01 -7.79870163e+01
  4.78772422e+01  1.29649209e+01 -2.79298988e+01  6.28304745e+01
  9.50820389e+01 -5.79854423e+01 -9.58416103e+01  7.05782933e+00
 -2.09302744e+01 -1.00054820e+02  4.19490653e+01  8.08338536e+00
 -6.69036107e+01  5.59940658e+01 -9.90154765e+01  1.78216091e+01
  3.38805104e+01 -6.70745129e+01 -4.60403638e+01 -1.38703350e+01
  7.79918211e+01 -9.79818387e+01  3.38889230e+01  2.89494653e+01
 -4.68409823e+01  1.59215074e+01  6.21681796e+01  2.59882799e+01
 -2.00320737e+01 -9.37261702e+01 -6.94930025e+00  8.68594724e+01
 -3.20370680e+01 -7.02340019e+00  4.30548797e+01 -3.59611375e+01
 -9.00207277e+01  9.51139137e+01  8.38260633e+01  5.99974719e+01
  9.79511073e+01 -9.46245269e-02  8.21593587e+01 -2.10439213e+01
  9.13852363e+00 -8.40071040e+01  5.69238796e+01 -6.08614310e+01
  4.99960442e+01  8.40268029e+01  6.40839825e+01 -8.19137569e+01
 -2.41357361e+01 -8.50180176e+01 -8.00032806e+01  8.20952352e+01
 -6.29698330e+01 -9.39770574e+01  1.89454163e+01 -4.29032260e+01
 -9.99952133e+01 -6.21049750e+01  2.90116260e+00 -3.38739300e+01
 -8.30833067e+01  1.20591317e+01 -6.80348467e+01 -4.28322237e+01
  9.51098132e+01 -6.79813013e+01 -8.00444183e+00  6.91369582e+01
  8.90284444e+01 -3.69262893e+01  6.41192480e+01 -3.50178043e+01
 -5.90095573e+01 -8.29923626e+01 -6.69369062e+01 -9.30120839e+01
  2.81057041e+01 -7.59500515e+01 -2.59265289e+01 -6.49398375e+01]
sphere_result: -449.1890658453317
iteracao: 1
array_solucao: [-6.48955600e+01 -1.83931601e+00 -2.10678080e+01  8.60877479e+01
  6.52238309e+01 -2.70807858e+01 -9.09924000e+01  7.03016193e+00
  8.59069139e+01  4.89686585e+01 -5.79998269e+01  9.59309642e+01
 -7.69150469e+01  1.00002846e+01  8.61193984e+01 -7.80155108e+01
  4.81527149e+01  1.30256242e+01 -2.78861867e+01  6.29855056e+01
  9.49648876e+01 -5.80125785e+01 -9.60901092e+01  6.88694045e+00
 -2.09542983e+01 -1.00108964e+02  4.20282835e+01  8.11468176e+00
 -6.70930517e+01  5.61405875e+01 -9.91483167e+01  1.80967414e+01
  3.40211263e+01 -6.70870035e+01 -4.60995217e+01 -1.38959732e+01
  7.79616789e+01 -9.80544956e+01  3.38801852e+01  2.90656948e+01
 -4.70774464e+01  1.59335829e+01  6.19857350e+01  2.60104787e+01
 -1.99027378e+01 -9.41070946e+01 -6.94379661e+00  8.67869611e+01
 -3.20136928e+01 -6.95960929e+00  4.31766728e+01 -3.59700735e+01
 -8.99685407e+01  9.50068434e+01  8.40449392e+01  5.98473710e+01
  9.81125670e+01 -3.75283506e-02  8.19814833e+01 -2.11748726e+01
  9.02757638e+00 -8.38390848e+01  5.69838152e+01 -6.11857334e+01
  4.98995780e+01  8.38655116e+01  6.39803122e+01 -8.19766126e+01
 -2.41423252e+01 -8.49469627e+01 -7.99604515e+01  8.20041606e+01
 -6.28703040e+01 -9.40781284e+01  1.89116690e+01 -4.31050101e+01
 -9.99360163e+01 -6.19956675e+01  2.94211831e+00 -3.39080883e+01
 -8.30257936e+01  1.19273282e+01 -6.79794591e+01 -4.29394176e+01
  9.49607793e+01 -6.80151462e+01 -7.97211589e+00  6.89096775e+01
  8.90751302e+01 -3.69762357e+01  6.38774898e+01 -3.49735423e+01
 -5.90260323e+01 -8.30321673e+01 -6.68031743e+01 -9.30779374e+01
  2.78964701e+01 -7.60969869e+01 -2.61480405e+01 -6.50599317e+01]
sphere_result: -449.16513976944816
iteracao: 2
array_solucao: [ -65.04351472   -1.94312703  -21.01602607   86.09196054   64.88788687
  -27.0007647   -91.05885838    6.96421339   85.77806001   49.0229494
  -57.92949801   96.02890529  -76.98659872    9.92617809   85.89105676
  -77.97193583   48.07238472   13.08645614  -28.03558134   62.84740616
   95.03768487  -58.00218318  -96.0830685     7.14473809  -20.74219042
 -100.02606409   41.94203325    8.13307616  -67.06268307   56.1057506
  -98.90753859   17.98719619   34.02698544  -66.91929437  -45.97123381
  -14.00390033   77.94318675  -97.83751857   33.95643558   29.08661793
  -47.08135681   15.90809083   61.9206307    25.93456534  -20.13688625
  -93.87177087   -7.12911217   87.06742533  -31.89425804   -6.81332419
   42.94843616  -35.97265559  -89.92531614   94.95394711   84.2070069
   60.11885804   97.91061483   -0.10710077   81.97198958  -20.91915743
    8.94350498  -84.0068819    57.19316876  -61.05976201   49.85063984
   84.06947136   63.93619382  -82.07750412  -24.13139768  -84.92722383
  -80.08745762   81.95836148  -62.9393852   -94.0664978    19.08403977
  -42.91884337  -99.89738942  -61.96752364    3.02327739  -33.80232156
  -82.91868153   11.78994229  -68.12536471  -43.17219632   94.9023033
  -68.16545007   -8.01390584   69.03986491   89.03139951  -37.06223116
   64.03773127  -34.94637857  -58.96173859  -83.05845337  -67.06606635
  -92.99084557   28.01312591  -75.99144767  -25.91613798  -64.88317761]
sphere_result: -449.08589002044755
iteracao: 3
array_solucao: [-6.49509838e+01 -1.99108534e+00 -2.10236835e+01  8.59566980e+01
  6.47931654e+01 -2.68706184e+01 -9.08337911e+01  7.03643773e+00
  8.61283138e+01  4.88993376e+01 -5.79526403e+01  9.58914642e+01
 -7.69269003e+01  1.00026896e+01  8.60691297e+01 -7.80622143e+01
  4.80429923e+01  1.30972006e+01 -2.80222899e+01  6.27985464e+01
  9.49485537e+01 -5.81053373e+01 -9.59092136e+01  7.06220220e+00
 -2.10439754e+01 -9.99707646e+01  4.20539170e+01  7.98399062e+00
 -6.70045038e+01  5.60036903e+01 -9.90167243e+01  1.80506116e+01
  3.41018752e+01 -6.71005832e+01 -4.59263860e+01 -1.38168468e+01
  7.80522490e+01 -9.80904088e+01  3.39295063e+01  2.91420577e+01
 -4.70274976e+01  1.57893034e+01  6.19959613e+01  2.59753106e+01
 -1.99314895e+01 -9.41407224e+01 -6.90551221e+00  8.69636221e+01
 -3.21456448e+01 -7.00426948e+00  4.28626077e+01 -3.61069935e+01
 -9.01016202e+01  9.49726415e+01  8.39478618e+01  5.99895075e+01
  9.79528209e+01 -4.32501881e-03  8.18878917e+01 -2.08678583e+01
  8.96947305e+00 -8.39007197e+01  5.68869852e+01 -6.10212547e+01
  4.98858598e+01  8.40686120e+01  6.40973391e+01 -8.19859456e+01
 -2.38990483e+01 -8.49852957e+01 -8.00323918e+01  8.19302089e+01
 -6.28208190e+01 -9.40443642e+01  1.89806412e+01 -4.29268184e+01
 -9.99991838e+01 -6.20475557e+01  2.86732802e+00 -3.40431755e+01
 -8.30809343e+01  1.20493725e+01 -6.79037692e+01 -4.31694647e+01
  9.50957171e+01 -6.81314740e+01 -7.99679587e+00  6.89495469e+01
  8.89584142e+01 -3.69751001e+01  6.40521993e+01 -3.50546087e+01
 -5.89642665e+01 -8.29945297e+01 -6.69209184e+01 -9.31045513e+01
  2.81818327e+01 -7.61606893e+01 -2.58554549e+01 -6.49994704e+01]
sphere_result: -449.1795858472398
iteracao: 4
array_solucao: [-6.51225275e+01 -1.96933839e+00 -2.10118185e+01  8.59717844e+01
  6.50485912e+01 -2.71157659e+01 -9.08875710e+01  6.97433332e+00
  8.59113960e+01  4.89156078e+01 -5.80796394e+01  9.58879073e+01
 -7.70143994e+01  9.86906862e+00  8.59121000e+01 -7.80389627e+01
  4.79698939e+01  1.28975022e+01 -2.78350608e+01  6.30448732e+01
  9.49141771e+01 -5.79554225e+01 -9.59931102e+01  7.06771269e+00
 -2.09799033e+01 -9.99967497e+01  4.20559967e+01  7.88908217e+00
 -6.70130877e+01  5.59232678e+01 -9.90123065e+01  1.80449446e+01
  3.40078675e+01 -6.69269530e+01 -4.60990676e+01 -1.39964527e+01
  7.80230543e+01 -9.80479142e+01  3.38226953e+01  2.90937710e+01
 -4.68390968e+01  1.59518055e+01  6.20935679e+01  2.60335689e+01
 -1.99957786e+01 -9.39515979e+01 -7.19607443e+00  8.68932810e+01
 -3.19158441e+01 -6.91180898e+00  4.28940567e+01 -3.59363299e+01
 -9.00754490e+01  9.50172335e+01  8.40762246e+01  5.98496143e+01
  9.79441083e+01  1.17148115e-02  8.19125839e+01 -2.11482645e+01
  9.03824274e+00 -8.40313659e+01  5.69443580e+01 -6.09938963e+01
  4.98523892e+01  8.39228280e+01  6.40059841e+01 -8.20872311e+01
 -2.39803483e+01 -8.49278609e+01 -7.97993609e+01  8.19906809e+01
 -6.31051121e+01 -9.38037374e+01  1.88761019e+01 -4.30490280e+01
 -9.99429830e+01 -6.21186215e+01  2.90535826e+00 -3.41327189e+01
 -8.31024126e+01  1.20497039e+01 -6.80850791e+01 -4.30094159e+01
  9.50395038e+01 -6.80506139e+01 -8.09133515e+00  6.90720532e+01
  8.90752012e+01 -3.68776207e+01  6.39516105e+01 -3.49549427e+01
 -5.89710590e+01 -8.29449031e+01 -6.70144135e+01 -9.30659791e+01
  2.80132717e+01 -7.59592812e+01 -2.58611763e+01 -6.50452315e+01]
sphere_result: -449.27621595779675
iteracao: 5
array_solucao: [-6.50161578e+01 -2.02906950e+00 -2.10541835e+01  8.59931288e+01
  6.48702769e+01 -2.69683277e+01 -9.11685719e+01  6.97740028e+00
  8.59673835e+01  4.90099457e+01 -5.79036721e+01  9.59390444e+01
 -7.71216019e+01  1.01230308e+01  8.59507592e+01 -7.79482987e+01
  4.79768734e+01  1.29804728e+01 -2.79489275e+01  6.29314344e+01
  9.49877754e+01 -5.79449183e+01 -9.59947401e+01  6.86026331e+00
 -2.11140088e+01 -9.99403898e+01  4.19840205e+01  8.15854642e+00
 -6.69374181e+01  5.60456318e+01 -9.89107008e+01  1.79934680e+01
  3.39674430e+01 -6.72055023e+01 -4.60052570e+01 -1.40360297e+01
  7.81338396e+01 -9.79939553e+01  3.40066404e+01  2.89975212e+01
 -4.70018207e+01  1.60902258e+01  6.20452438e+01  2.61203631e+01
 -2.00734730e+01 -9.39250379e+01 -6.98275476e+00  8.68720999e+01
 -3.19688759e+01 -6.89169631e+00  4.31027994e+01 -3.61112911e+01
 -8.99199211e+01  9.50039610e+01  8.40860473e+01  6.00177550e+01
  9.79693556e+01  1.84427151e-02  8.19813914e+01 -2.09701662e+01
  8.95672982e+00 -8.39176406e+01  5.70668582e+01 -6.10844265e+01
  4.99901059e+01  8.40045474e+01  6.39944065e+01 -8.17890644e+01
 -2.41436052e+01 -8.50169396e+01 -8.00138396e+01  8.18367326e+01
 -6.29867116e+01 -9.39995052e+01  1.88638927e+01 -4.28599530e+01
 -9.99056205e+01 -6.19954135e+01  3.09386281e+00 -3.39301785e+01
 -8.28664377e+01  1.19674607e+01 -6.80059558e+01 -4.28421055e+01
  9.51089498e+01 -6.82045704e+01 -7.90507781e+00  6.90652336e+01
  8.91010379e+01 -3.70367715e+01  6.39654942e+01 -3.49836584e+01
 -5.88753098e+01 -8.30296776e+01 -6.69879866e+01 -9.29334342e+01
  2.79026990e+01 -7.60010145e+01 -2.61475573e+01 -6.50546020e+01]
sphere_result: -449.29309047209796
iteracao: 6
array_solucao: [-6.49901486e+01 -2.02777600e+00 -2.10282813e+01  8.61135065e+01
  6.49959347e+01 -2.69854851e+01 -9.09980176e+01  6.97751131e+00
  8.61981706e+01  4.87870500e+01 -5.81422692e+01  9.59726403e+01
 -7.70819453e+01  9.96826381e+00  8.59902670e+01 -7.78999746e+01
  4.79910612e+01  1.31067997e+01 -2.78222992e+01  6.28894016e+01
  9.49254495e+01 -5.80156110e+01 -9.59947737e+01  6.98856553e+00
 -2.10140227e+01 -9.99184281e+01  4.19647529e+01  8.06010472e+00
 -6.69314318e+01  5.59581549e+01 -9.90509850e+01  1.80648316e+01
  3.40113583e+01 -6.69208260e+01 -4.60368639e+01 -1.40519111e+01
  7.80351214e+01 -9.80606466e+01  3.40284637e+01  2.89201666e+01
 -4.70975599e+01  1.59301814e+01  6.20524608e+01  2.61125042e+01
 -1.98021193e+01 -9.40244103e+01 -7.05838209e+00  8.70560788e+01
 -3.19702799e+01 -6.87657183e+00  4.30842282e+01 -3.59964459e+01
 -9.00237825e+01  9.49059071e+01  8.40272162e+01  6.00001056e+01
  9.77628804e+01  2.73818011e-02  8.20553415e+01 -2.10834026e+01
  8.91674210e+00 -8.40484814e+01  5.69430344e+01 -6.08722188e+01
  5.01135812e+01  8.39715259e+01  6.40672957e+01 -8.21297158e+01
 -2.40015800e+01 -8.50327622e+01 -8.00667014e+01  8.22137972e+01
 -6.29945250e+01 -9.40197549e+01  1.89822829e+01 -4.30412860e+01
 -9.98996353e+01 -6.20552569e+01  3.08369265e+00 -3.41338767e+01
 -8.29930430e+01  1.18841519e+01 -6.81174964e+01 -4.28987529e+01
  9.49128913e+01 -6.81121770e+01 -7.96233053e+00  6.90701012e+01
  8.89901077e+01 -3.70051744e+01  6.38928857e+01 -3.50099763e+01
 -5.90423276e+01 -8.31328767e+01 -6.71418360e+01 -9.30789332e+01
  2.78479572e+01 -7.58749725e+01 -2.59788271e+01 -6.48587292e+01]
sphere_result: -449.23970487960236
iteracao: 7
array_solucao: [-6.50243365e+01 -1.94017014e+00 -2.10791846e+01  8.60017433e+01
  6.50820156e+01 -2.70301848e+01 -9.09018205e+01  7.04762120e+00
  8.61044277e+01  4.88410700e+01 -5.79732447e+01  9.60070040e+01
 -7.68185148e+01  9.89950286e+00  8.60637520e+01 -7.80147329e+01
  4.79912358e+01  1.31294198e+01 -2.79178560e+01  6.30317684e+01
  9.49741842e+01 -5.78262177e+01 -9.60188001e+01  7.04512120e+00
 -2.09651809e+01 -1.00142588e+02  4.19593290e+01  8.05490548e+00
 -6.70222580e+01  5.59070891e+01 -9.90209204e+01  1.78548314e+01
  3.40512715e+01 -6.70486046e+01 -4.60114817e+01 -1.39289321e+01
  7.79379315e+01 -9.79298484e+01  3.37780574e+01  2.91330484e+01
 -4.68220083e+01  1.59545635e+01  6.18944890e+01  2.59320735e+01
 -2.00968750e+01 -9.41187012e+01 -6.80599656e+00  8.70160600e+01
 -3.21057193e+01 -6.98962332e+00  4.27782681e+01 -3.57432328e+01
 -8.99996996e+01  9.48993782e+01  8.40731489e+01  5.98830358e+01
  9.79727697e+01  1.04767599e-02  8.20158565e+01 -2.09118087e+01
  8.79493857e+00 -8.38842094e+01  5.70077496e+01 -6.10097104e+01
  4.99603605e+01  8.41766879e+01  6.40762210e+01 -8.19468669e+01
 -2.41478623e+01 -8.49934321e+01 -8.01369094e+01  8.21128953e+01
 -6.30835078e+01 -9.40308929e+01  1.89626652e+01 -4.30735564e+01
 -1.00146953e+02 -6.21027761e+01  3.07839790e+00 -3.40410212e+01
 -8.30009742e+01  1.19767525e+01 -6.81206112e+01 -4.30827755e+01
  9.49799928e+01 -6.80041441e+01 -8.14503814e+00  6.89134901e+01
  8.89130766e+01 -3.69780519e+01  6.39954553e+01 -3.49867509e+01
 -5.90817538e+01 -8.28851497e+01 -6.70382903e+01 -9.28629540e+01
  2.80399064e+01 -7.60364163e+01 -2.61266522e+01 -6.47808942e+01]
sphere_result: -449.0385371860428
iteracao: 8
array_solucao: [ -65.01206724   -1.89467012  -20.92705504   86.11516382   64.91842176
  -27.06798811  -90.9423828     7.08016409   85.95601955   48.97195165
  -57.99136477   96.13052739  -76.9267875    10.09368075   86.19023333
  -78.0484786    47.87432416   12.95640241  -28.02868549   62.92927843
   95.06582363  -58.07654464  -95.93045619    7.08093887  -20.94795474
 -100.03312622   41.90764094    8.02436762  -67.01587433   55.90065231
  -98.89315434   17.97125071   34.13831488  -67.02516215  -46.15897627
  -14.18638778   77.92232813  -97.99577102   34.05651317   28.96421893
  -47.13918979   15.94794623   62.00526803   26.20213714  -19.95117648
  -93.94107021   -7.08308279   86.92715211  -31.7715124    -7.04734258
   43.05045323  -35.98994804  -90.19757827   95.00791187   84.01118735
   59.86673088   97.9824462     0.11322648   82.00732043  -20.99275693
    8.9306395   -84.08303268   56.90383188  -60.83133689   49.99822151
   83.98835149   64.16298099  -81.97515054  -24.06206255  -84.89425371
  -80.1011117    82.0713984   -63.02849956  -94.15131915   18.87844287
  -42.98544742 -100.03005767  -62.02356138    3.0509849   -34.00177933
  -82.92948628   12.19614306  -68.02176126  -42.97359966   95.02446273
  -67.97949019   -7.87068657   68.92746833   88.95117693  -37.02976495
   64.02383176  -35.0329932   -58.9563413   -82.9060954   -66.93114508
  -93.06858224   28.08085452  -76.12902102  -25.97894616  -65.14534533]
sphere_result: -449.2102995220406
iteracao: 9
array_solucao: [-6.49045753e+01 -1.82469353e+00 -2.11736882e+01  8.60042965e+01
  6.50999245e+01 -2.69809307e+01 -9.11301177e+01  6.91827322e+00
  8.60655333e+01  4.90574794e+01 -5.80378214e+01  9.60076130e+01
 -7.70948604e+01  1.01507388e+01  8.59270708e+01 -7.79238125e+01
  4.80851403e+01  1.30059801e+01 -2.80355063e+01  6.29674058e+01
  9.49977457e+01 -5.79421004e+01 -9.60919490e+01  6.86731421e+00
 -2.09694315e+01 -1.00060381e+02  4.20630397e+01  7.97244068e+00
 -6.69772991e+01  5.59265121e+01 -9.88821908e+01  1.78765231e+01
  3.39532249e+01 -6.69640758e+01 -4.60518181e+01 -1.40601462e+01
  7.80622166e+01 -9.80663566e+01  3.40641400e+01  2.89629416e+01
 -4.70075357e+01  1.60265322e+01  6.19462972e+01  2.59557978e+01
 -1.97291717e+01 -9.40068555e+01 -7.04899669e+00  8.68862569e+01
 -3.19796424e+01 -6.89990633e+00  4.29095910e+01 -3.57954153e+01
 -9.00130474e+01  9.48966194e+01  8.40227915e+01  6.01431141e+01
  9.79336451e+01 -7.46199687e-02  8.19748032e+01 -2.10648650e+01
  9.00258267e+00 -8.39729338e+01  5.70561169e+01 -6.09937446e+01
  4.99391311e+01  8.39557938e+01  6.40903667e+01 -8.18964033e+01
 -2.39762243e+01 -8.50070708e+01 -7.99780278e+01  8.20574728e+01
 -6.30039446e+01 -9.39432964e+01  1.89402792e+01 -4.29422145e+01
 -9.99386420e+01 -6.20369416e+01  2.88441979e+00 -3.41143143e+01
 -8.31144743e+01  1.19876291e+01 -6.78494705e+01 -4.29705075e+01
  9.50016623e+01 -6.81293159e+01 -7.86109794e+00  6.90492866e+01
  8.88862913e+01 -3.69116608e+01  6.40349072e+01 -3.50001080e+01
 -5.91413550e+01 -8.30070436e+01 -6.69414397e+01 -9.31360278e+01
  2.79968880e+01 -7.59161963e+01 -2.60539424e+01 -6.50530830e+01]
sphere_result: -449.3092079277433

desvio padrão: 0.0875
média: -449.198668