iteracao: 0
array_solucao: [-6.51174760e+01 -2.08640851e+00 -2.09469185e+01  8.61400121e+01
  6.49125559e+01 -2.70246383e+01 -9.11472302e+01  6.92440021e+00
  8.58923920e+01  4.89710145e+01 -5.78491091e+01  9.61047914e+01
 -7.70006465e+01  9.92995711e+00  8.59866063e+01 -7.80224226e+01
  4.77283724e+01  1.29957807e+01 -2.80520808e+01  6.29092705e+01
  9.51608860e+01 -5.79693690e+01 -9.58913624e+01  7.06448795e+00
 -2.10818592e+01 -9.99108060e+01  4.19673115e+01  7.95050079e+00
 -6.68410555e+01  5.60049121e+01 -9.88478654e+01  1.78810649e+01
  3.41236240e+01 -6.71460502e+01 -4.59917618e+01 -1.39564378e+01
  7.80708667e+01 -9.79162695e+01  3.39088698e+01  2.88942725e+01
 -4.69754888e+01  1.60487519e+01  6.20025530e+01  2.60378569e+01
 -2.00471983e+01 -9.39926937e+01 -6.91838005e+00  8.70383721e+01
 -3.19125550e+01 -6.88507307e+00  4.30901151e+01 -3.59945586e+01
 -9.00035799e+01  9.50171482e+01  8.39946717e+01  6.01280385e+01
  9.79854356e+01  7.23298843e-02  8.20094503e+01 -2.11065725e+01
  9.03804859e+00 -8.39818727e+01  5.69532411e+01 -6.10702879e+01
  5.01383055e+01  8.39804122e+01  6.40057058e+01 -8.19515872e+01
 -2.40073739e+01 -8.51265660e+01 -7.99277589e+01  8.20301222e+01
 -6.28509646e+01 -9.40783740e+01  1.90037805e+01 -4.30356786e+01
 -9.99726566e+01 -6.19465879e+01  2.97748202e+00 -3.40098447e+01
 -8.29970605e+01  1.20943351e+01 -6.78861417e+01 -4.31565608e+01
  9.49263293e+01 -6.80864936e+01 -7.97080306e+00  6.90601718e+01
  8.91662407e+01 -3.68573722e+01  6.40022594e+01 -3.49989553e+01
 -5.88893791e+01 -8.31300869e+01 -6.69717992e+01 -9.29443019e+01
  2.81547536e+01 -7.59314236e+01 -2.60133778e+01 -6.50417852e+01]
sphere_result: -449.25085666038063
iteracao: 1
array_solucao: [-6.49345862e+01 -2.01137734e+00 -2.08651172e+01  8.59711152e+01
  6.49176413e+01 -2.69930559e+01 -9.08976693e+01  6.94387723e+00
  8.60837512e+01  4.90633919e+01 -5.81474779e+01  9.59062832e+01
 -7.69945923e+01  9.99133341e+00  8.59175460e+01 -7.79518276e+01
  4.79336404e+01  1.29777481e+01 -2.79990629e+01  6.29640385e+01
  9.50237739e+01 -5.80487124e+01 -9.60169259e+01  7.10184220e+00
 -2.10212444e+01 -9.99385328e+01  4.18007008e+01  8.00407826e+00
 -6.70472714e+01  5.59797815e+01 -9.90203953e+01  1.78449118e+01
  3.40059594e+01 -6.70575790e+01 -4.61043516e+01 -1.39405135e+01
  7.80846236e+01 -9.78748933e+01  3.40449102e+01  2.90136590e+01
 -4.69854185e+01  1.58900224e+01  6.21306624e+01  2.60244756e+01
 -2.02853336e+01 -9.40833547e+01 -6.96327487e+00  8.69777280e+01
 -3.20501208e+01 -6.94385772e+00  4.28974184e+01 -3.59252904e+01
 -9.00062006e+01  9.49869984e+01  8.38969139e+01  6.00637422e+01
  9.79809594e+01 -6.92409519e-02  8.19728172e+01 -2.10114400e+01
  8.99639443e+00 -8.40312851e+01  5.69516193e+01 -6.09380092e+01
  4.98234694e+01  8.40726194e+01  6.41953035e+01 -8.20532704e+01
 -2.39037425e+01 -8.48410039e+01 -8.00212314e+01  8.19487088e+01
 -6.30963268e+01 -9.40852755e+01  1.91182101e+01 -4.29995318e+01
 -9.98730572e+01 -6.19674776e+01  2.95676686e+00 -3.40913352e+01
 -8.31430457e+01  1.20065641e+01 -6.79904149e+01 -4.29797487e+01
  9.50782344e+01 -6.78214855e+01 -7.99212885e+00  6.90414797e+01
  8.91397262e+01 -3.70122841e+01  6.39962935e+01 -3.51746615e+01
 -5.89737594e+01 -8.28827945e+01 -6.69244238e+01 -9.30424734e+01
  2.81567466e+01 -7.60275244e+01 -2.61156688e+01 -6.49539954e+01]
sphere_result: -449.2549155131098
iteracao: 2
array_solucao: [-6.49596680e+01 -1.88349944e+00 -2.11098837e+01  8.60281672e+01
  6.50494100e+01 -2.70272048e+01 -9.12323076e+01  7.03109109e+00
  8.59928444e+01  4.89194619e+01 -5.79866696e+01  9.61201267e+01
 -7.71168586e+01  9.97779575e+00  8.61745444e+01 -7.80628631e+01
  4.80027116e+01  1.31218294e+01 -2.80138405e+01  6.30064496e+01
  9.49595906e+01 -5.80676774e+01 -9.60029384e+01  6.97132866e+00
 -2.10877402e+01 -9.99620078e+01  4.19439101e+01  8.00213956e+00
 -6.69433193e+01  5.58668194e+01 -9.91830484e+01  1.79024144e+01
  3.39852091e+01 -6.70406763e+01 -4.59495604e+01 -1.42274940e+01
  7.78770467e+01 -9.78820452e+01  3.40054373e+01  2.90022056e+01
 -4.70327998e+01  1.58649694e+01  6.18610577e+01  2.61120621e+01
 -1.99929216e+01 -9.38726425e+01 -7.04575249e+00  8.70549566e+01
 -3.19497760e+01 -6.96577774e+00  4.30858888e+01 -3.60317234e+01
 -9.00038973e+01  9.49562601e+01  8.39785556e+01  6.00091567e+01
  9.81017701e+01 -5.38644630e-03  8.20465686e+01 -2.08376674e+01
  9.00697625e+00 -8.41048760e+01  5.69542930e+01 -6.10297524e+01
  5.00120597e+01  8.39334046e+01  6.41793612e+01 -8.19660409e+01
 -2.39135132e+01 -8.50766824e+01 -7.98366739e+01  8.19303568e+01
 -6.29720069e+01 -9.38235016e+01  1.89464038e+01 -4.28448073e+01
 -9.99516481e+01 -6.19338935e+01  3.06201700e+00 -3.40548383e+01
 -8.30451643e+01  1.20341824e+01 -6.81285904e+01 -4.31187891e+01
  9.50622374e+01 -6.78957135e+01 -7.80818345e+00  6.88749652e+01
  8.89089900e+01 -3.69869812e+01  6.39489706e+01 -3.51016872e+01
 -5.90605483e+01 -8.31670000e+01 -6.70492776e+01 -9.28817285e+01
  2.80218287e+01 -7.60596639e+01 -2.60033150e+01 -6.51067204e+01]
sphere_result: -449.1793586719679
iteracao: 3
array_solucao: [-6.50887792e+01 -1.93989150e+00 -2.10634801e+01  8.61443874e+01
  6.49178671e+01 -2.70918545e+01 -9.11600900e+01  7.12708699e+00
  8.60763137e+01  4.92068956e+01 -5.79026701e+01  9.58470887e+01
 -7.70193129e+01  9.93655506e+00  8.59551002e+01 -7.80247593e+01
  4.81472137e+01  1.28299027e+01 -2.80119686e+01  6.29965605e+01
  9.49787960e+01 -5.79296998e+01 -9.58468605e+01  7.17953118e+00
 -2.11169777e+01 -9.97739882e+01  4.20553947e+01  8.13712825e+00
 -6.70857221e+01  5.59626134e+01 -9.89478026e+01  1.79371637e+01
  3.40987199e+01 -6.70462905e+01 -4.60146455e+01 -1.40155237e+01
  7.78854842e+01 -9.81076396e+01  3.38922895e+01  2.89804713e+01
 -4.68995727e+01  1.60616273e+01  6.19365506e+01  2.59669325e+01
 -1.99397358e+01 -9.39319601e+01 -6.92783313e+00  8.70716386e+01
 -3.20050841e+01 -6.88319480e+00  4.28777262e+01 -3.59189919e+01
 -9.00646353e+01  9.50953476e+01  8.39107676e+01  6.00042484e+01
  9.79142717e+01 -4.58230098e-02  8.19767974e+01 -2.09917017e+01
  9.09005679e+00 -8.40589359e+01  5.71623948e+01 -6.10352355e+01
  5.00594478e+01  8.38311085e+01  6.38563782e+01 -8.20084113e+01
 -2.39852465e+01 -8.49239213e+01 -7.99508963e+01  8.20629515e+01
 -6.29953366e+01 -9.39943229e+01  1.89747239e+01 -4.30158071e+01
 -9.99956618e+01 -6.20656746e+01  3.02434386e+00 -3.41470152e+01
 -8.29175494e+01  1.19236398e+01 -6.78086165e+01 -4.29077706e+01
  9.49038362e+01 -6.79935395e+01 -7.94855789e+00  6.90940095e+01
  8.90287146e+01 -3.70290435e+01  6.39584875e+01 -3.49794846e+01
 -5.89904916e+01 -8.28724755e+01 -6.69636185e+01 -9.29636513e+01
  2.79052629e+01 -7.59542540e+01 -2.60032968e+01 -6.50057386e+01]
sphere_result: -449.2068699735328
iteracao: 4
array_solucao: [-6.49723344e+01 -1.87773058e+00 -2.09231250e+01  8.60647345e+01
  6.49909096e+01 -2.70433465e+01 -9.12450014e+01  6.91174595e+00
  8.58420504e+01  4.89391950e+01 -5.79895002e+01  9.61356860e+01
 -7.70124887e+01  1.00705999e+01  8.59556608e+01 -7.80047748e+01
  4.79528771e+01  1.29208425e+01 -2.81111296e+01  6.31037906e+01
  9.49994651e+01 -5.78890346e+01 -9.59970444e+01  7.00377366e+00
 -2.10424515e+01 -9.98141636e+01  4.20284639e+01  7.83906522e+00
 -6.69703370e+01  5.60961417e+01 -9.90664596e+01  1.80074366e+01
  3.40492470e+01 -6.69640875e+01 -4.61075636e+01 -1.39289512e+01
  7.80554850e+01 -9.79444869e+01  3.39772181e+01  2.89521413e+01
 -4.69167752e+01  1.60864987e+01  6.19611932e+01  2.59991291e+01
 -1.99158631e+01 -9.38264326e+01 -7.10029318e+00  8.70203657e+01
 -3.20880412e+01 -7.02861529e+00  4.28730808e+01 -3.60323030e+01
 -9.00127523e+01  9.50283513e+01  8.40215455e+01  6.00840956e+01
  9.79051076e+01  4.93183285e-02  8.19587559e+01 -2.09734848e+01
  9.10350287e+00 -8.38679999e+01  5.71244497e+01 -6.08532447e+01
  5.00597553e+01  8.39762018e+01  6.38333956e+01 -8.19370578e+01
 -2.40121517e+01 -8.51189631e+01 -7.99560446e+01  8.21155464e+01
 -6.30314064e+01 -9.40498459e+01  1.89789901e+01 -4.28568766e+01
 -9.99464998e+01 -6.19489195e+01  3.00573427e+00 -3.41478730e+01
 -8.30252378e+01  1.20818388e+01 -6.81327844e+01 -4.29377696e+01
  9.49228147e+01 -6.78628559e+01 -7.73992475e+00  6.89640109e+01
  8.91195407e+01 -3.69814005e+01  6.38957424e+01 -3.49441140e+01
 -5.89589631e+01 -8.29980141e+01 -6.69303419e+01 -9.29762971e+01
  2.78298727e+01 -7.59546029e+01 -2.59548948e+01 -6.50824820e+01]
sphere_result: -449.20708334218835
iteracao: 5
array_solucao: [-65.06059724  -2.08455522 -21.05162293  85.88765843  64.96142157
 -27.20534013 -91.08250745   7.14446667  85.89451528  49.03723946
 -58.05834769  95.94964975 -77.22641825   9.96537944  85.87590268
 -77.93621108  47.95626113  13.01796379 -27.83128919  62.88546448
  94.98447816 -57.8365618  -95.97490479   6.98636554 -21.03300177
 -99.91857075  41.98431581   7.95159837 -67.11396666  55.87664749
 -98.98554713  18.1143329   34.03626508 -66.93248718 -46.02957127
 -14.01367313  78.02649127 -98.00171512  34.12908713  28.89185554
 -46.84334733  15.88954595  62.0727532   26.03136443 -20.0474752
 -93.90439135  -6.86182142  86.97906671 -31.99343905  -6.99919591
  42.90022571 -36.05139075 -89.92485137  94.95427689  84.11795858
  60.00071858  97.89539663   0.12024851  82.01216102 -20.88188262
   9.00403029 -83.85116911  56.87587491 -61.01046972  50.03071812
  84.08888829  64.0697056  -81.96670085 -24.00641076 -84.93849215
 -79.82519911  81.91059758 -63.00111635 -94.02997867  18.97751125
 -43.01121716 -99.86683317 -62.02580036   3.05970438 -33.85648736
 -83.01909392  12.13171205 -67.88848329 -42.98999365  95.08196824
 -67.99216281  -7.95708242  69.05341353  88.84627055 -37.01794114
  64.06896022 -34.80407662 -59.09027494 -82.8920437  -67.05317072
 -92.8705639   27.96788553 -76.00363998 -25.94386346 -65.20917227]
sphere_result: -449.16994747157906
iteracao: 6
array_solucao: [-6.49374875e+01 -2.14405424e+00 -2.09924956e+01  8.59165593e+01
  6.49435395e+01 -2.70332671e+01 -9.10796786e+01  7.11825188e+00
  8.60344540e+01  4.90274097e+01 -5.79098217e+01  9.61603489e+01
 -7.69496758e+01  9.85128873e+00  8.60588197e+01 -7.80365915e+01
  4.80593693e+01  1.29937792e+01 -2.80709730e+01  6.30619670e+01
  9.50609890e+01 -5.80606278e+01 -9.60940012e+01  6.94716127e+00
 -2.10688271e+01 -9.98396130e+01  4.19683977e+01  7.77959997e+00
 -6.71105041e+01  5.59974306e+01 -9.90542558e+01  1.81524326e+01
  3.38031883e+01 -6.69756480e+01 -4.60580490e+01 -1.40312918e+01
  7.79855197e+01 -9.79211380e+01  3.40048338e+01  2.89241895e+01
 -4.70184990e+01  1.60056723e+01  6.19836925e+01  2.59330736e+01
 -2.01075590e+01 -9.41967355e+01 -6.91061850e+00  8.70327799e+01
 -3.20070457e+01 -6.96109448e+00  4.30826360e+01 -3.59758688e+01
 -8.99943758e+01  9.49469381e+01  8.39201094e+01  5.99196955e+01
  9.78011203e+01  8.00520586e-02  8.20983527e+01 -2.10850585e+01
  9.07972541e+00 -8.41565744e+01  5.70805910e+01 -6.10221253e+01
  5.00417573e+01  8.40663712e+01  6.39443242e+01 -8.18881256e+01
 -2.42306462e+01 -8.49765257e+01 -7.98200844e+01  8.19680785e+01
 -6.30051322e+01 -9.40055916e+01  1.89552083e+01 -4.28957269e+01
 -9.99170542e+01 -6.19730071e+01  2.98848476e+00 -3.40081212e+01
 -8.30124939e+01  1.20139702e+01 -6.79742810e+01 -4.29874535e+01
  9.51337213e+01 -6.78443312e+01 -8.05486400e+00  6.90255723e+01
  8.91055750e+01 -3.71251354e+01  6.40043452e+01 -3.49132547e+01
 -5.90507702e+01 -8.29141063e+01 -6.68717849e+01 -9.29392796e+01
  2.80654046e+01 -7.59883424e+01 -2.60235986e+01 -6.49453779e+01]
sphere_result: -449.23387962445264
iteracao: 7
array_solucao: [-64.89463449  -2.06764722 -20.98793859  86.15470352  64.90167132
 -26.92632622 -91.02905554   6.88670391  86.0567547   49.12892719
 -57.99318343  96.0833663  -76.9346711   10.01362168  85.90772981
 -78.09462226  47.97632621  13.14096854 -27.9751232   63.06412095
  95.03035563 -57.9447391  -95.9281079    6.93948014 -20.84127765
 -99.87842615  41.88040751   8.097973   -66.89338899  55.92073496
 -99.04128329  18.0835997   34.02930816 -67.00815661 -45.99662728
 -13.81058827  78.01913655 -98.04560734  34.12232459  28.92434846
 -46.90965603  15.99236125  62.09197203  25.97500043 -19.93936228
 -93.90529362  -7.19961524  87.07287406 -32.03675993  -6.91878345
  42.98991377 -36.04325062 -89.99812797  95.13540783  84.15824527
  60.10631582  97.9532274    0.13778573  81.95607734 -20.79707289
   8.84805677 -83.99626972  56.83030439 -60.98844425  50.02998177
  83.9747056   63.97182298 -81.98813177 -23.98127537 -84.86076793
 -80.0542362   81.91139367 -62.85291756 -94.01159685  18.86336301
 -42.9387966  -99.95430147 -61.98960509   3.03070983 -33.96080182
 -83.02264851  12.0603236  -67.88292207 -42.92409416  95.02492368
 -67.97553663  -8.00942192  69.16944133  89.12997321 -36.99912889
  64.2051089  -35.08637575 -58.97760835 -83.00515702 -66.95579258
 -93.08288377  28.05416904 -76.00229844 -25.99019272 -64.96354646]
sphere_result: -449.222910107366
iteracao: 8
array_solucao: [-6.50107475e+01 -1.86029399e+00 -2.10172502e+01  8.60601314e+01
  6.49341275e+01 -2.70832422e+01 -9.11998998e+01  6.96642969e+00
  8.60287428e+01  4.91120879e+01 -5.79378334e+01  9.60017610e+01
 -7.69581569e+01  9.95359490e+00  8.59214280e+01 -7.78724900e+01
  4.79052508e+01  1.31618903e+01 -2.80148035e+01  6.29533448e+01
  9.50121007e+01 -5.79387982e+01 -9.59447976e+01  6.96658696e+00
 -2.09417948e+01 -9.99673152e+01  4.19319878e+01  7.88935162e+00
 -6.70233597e+01  5.59643976e+01 -9.90473356e+01  1.78704236e+01
  3.41110115e+01 -6.68846492e+01 -4.60205825e+01 -1.40575083e+01
  7.78619697e+01 -9.81269533e+01  3.40295456e+01  2.89980066e+01
 -4.69390754e+01  1.60616858e+01  6.18425210e+01  2.59422675e+01
 -2.00653507e+01 -9.40983605e+01 -6.84699016e+00  8.70050775e+01
 -3.20488191e+01 -6.97264708e+00  4.30645736e+01 -3.61173599e+01
 -9.01785443e+01  9.49656609e+01  8.40608949e+01  5.99685228e+01
  9.79294307e+01 -6.91886200e-02  8.19337274e+01 -2.09287645e+01
  8.99108849e+00 -8.40120399e+01  5.69144676e+01 -6.10686109e+01
  4.99503686e+01  8.43354870e+01  6.41042440e+01 -8.20205962e+01
 -2.39836341e+01 -8.50180512e+01 -7.98765911e+01  8.18912187e+01
 -6.30082868e+01 -9.40375848e+01  1.88689206e+01 -4.30365504e+01
 -9.98871682e+01 -6.19888773e+01  3.03672983e+00 -3.41250937e+01
 -8.30451728e+01  1.21697906e+01 -6.79932929e+01 -4.28796137e+01
  9.52613659e+01 -6.77734730e+01 -7.95401216e+00  6.90079328e+01
  8.90666312e+01 -3.72028315e+01  6.39843708e+01 -3.49802038e+01
 -5.89332663e+01 -8.29638368e+01 -6.70008608e+01 -9.30300477e+01
  2.80308419e+01 -7.60589890e+01 -2.60591086e+01 -6.50224263e+01]
sphere_result: -449.1316111863158
iteracao: 9
array_solucao: [-6.50448571e+01 -1.98805204e+00 -2.09148653e+01  8.60365779e+01
  6.49764973e+01 -2.70032176e+01 -9.11035029e+01  6.96032709e+00
  8.61304033e+01  4.90096330e+01 -5.78657229e+01  9.58703963e+01
 -7.68726499e+01  9.81497106e+00  8.61235077e+01 -7.79950755e+01
  4.78019491e+01  1.29273497e+01 -2.80909333e+01  6.31830233e+01
  9.50300258e+01 -5.77620659e+01 -9.58919814e+01  6.89248478e+00
 -2.08807685e+01 -9.99532795e+01  4.19308470e+01  7.90022080e+00
 -6.71347394e+01  5.59507214e+01 -9.88903250e+01  1.80189885e+01
  3.39145168e+01 -6.69666490e+01 -4.59869769e+01 -1.40230504e+01
  7.79125382e+01 -9.79577505e+01  3.38643611e+01  2.90401003e+01
 -4.68946815e+01  1.59533136e+01  6.21507233e+01  2.60521714e+01
 -1.99832157e+01 -9.41114382e+01 -6.99698080e+00  8.71716974e+01
 -3.18883507e+01 -6.98483389e+00  4.29468985e+01 -3.59707659e+01
 -8.98954483e+01  9.50199648e+01  8.39609994e+01  5.98805922e+01
  9.79648677e+01  1.90631919e-02  8.19044259e+01 -2.10778781e+01
  9.02303211e+00 -8.40819487e+01  5.70641973e+01 -6.09631358e+01
  4.99802092e+01  8.39699191e+01  6.38441105e+01 -8.20606456e+01
 -2.38971519e+01 -8.49656343e+01 -8.00848959e+01  8.19720806e+01
 -6.29857553e+01 -9.40344472e+01  1.90173946e+01 -4.30788867e+01
 -9.99373033e+01 -6.20294124e+01  2.95353710e+00 -3.40111617e+01
 -8.28604618e+01  1.21422641e+01 -6.80582378e+01 -4.31260293e+01
  9.51179903e+01 -6.79187761e+01 -8.12235060e+00  6.91257489e+01
  8.89379216e+01 -3.70228464e+01  6.40574686e+01 -3.48978893e+01
 -5.90032215e+01 -8.29780969e+01 -6.71127844e+01 -9.30796965e+01
  2.80505190e+01 -7.59592114e+01 -2.62719497e+01 -6.50860958e+01]
sphere_result: -449.1376146194426

desvio padrão: 0.04380
média: -449.199499
